Lat Lon Elev.(meters)
-45.898652810479 170.46428024769 137.000
-45.898652810479 170.46463787556 131.000
-45.898652810479 170.46499550343 131.000
-45.898652810479 170.46535313129 131.000
-45.898652810479 170.46571075916 122.000
-45.898652810479 170.46606838703 122.000
-45.898652810479 170.4664260149 118.000
-45.898652810479 170.46678364277 118.000
-45.898652810479 170.46714127064 118.000
-45.898652810479 170.46749889851 118.000
-45.898652810479 170.46785652637 118.000
-45.898652810479 170.46821415424 118.000
-45.898652810479 170.46857178211 118.000
-45.898652810479 170.46892940998 116.000
-45.898652810479 170.46928703785 116.000
-45.898477341821 170.46428024769 137.000
-45.898477341821 170.46463787556 131.000
-45.898477341821 170.46499550343 131.000
-45.898477341821 170.46535313129 131.000
-45.898477341821 170.46571075916 122.000
-45.898477341821 170.46606838703 122.000
-45.898477341821 170.4664260149 118.000
-45.898477341821 170.46678364277 118.000
-45.898477341821 170.46714127064 118.000
-45.898477341821 170.46749889851 118.000
-45.898477341821 170.46785652637 118.000
-45.898477341821 170.46821415424 118.000
-45.898477341821 170.46857178211 118.000
-45.898477341821 170.46892940998 116.000
-45.898477341821 170.46928703785 116.000
-45.898301873163 170.46428024769 137.000
-45.898301873163 170.46463787556 131.000
-45.898301873163 170.46499550343 131.000
-45.898301873163 170.46535313129 131.000
-45.898301873163 170.46571075916 122.000
-45.898301873163 170.46606838703 122.000
-45.898301873163 170.4664260149 118.000
-45.898301873163 170.46678364277 118.000
-45.898301873163 170.46714127064 118.000
-45.898301873163 170.46749889851 118.000
-45.898301873163 170.46785652637 118.000
-45.898301873163 170.46821415424 118.000
-45.898301873163 170.46857178211 118.000
-45.898301873163 170.46892940998 116.000
-45.898301873163 170.46928703785 116.000
-45.898126404505 170.46428024769 137.000
-45.898126404505 170.46463787556 131.000
-45.898126404505 170.46499550343 131.000
-45.898126404505 170.46535313129 131.000
-45.898126404505 170.46571075916 122.000
-45.898126404505 170.46606838703 122.000
-45.898126404505 170.4664260149 118.000
-45.898126404505 170.46678364277 118.000
-45.898126404505 170.46714127064 118.000
-45.898126404505 170.46749889851 118.000
-45.898126404505 170.46785652637 118.000
-45.898126404505 170.46821415424 118.000
-45.898126404505 170.46857178211 118.000
-45.898126404505 170.46892940998 116.000
-45.898126404505 170.46928703785 116.000
-45.897950935847 170.46428024769 137.000
-45.897950935847 170.46463787556 131.000
-45.897950935847 170.46499550343 131.000
-45.897950935847 170.46535313129 131.000
-45.897950935847 170.46571075916 122.000
-45.897950935847 170.46606838703 122.000
-45.897950935847 170.4664260149 118.000
-45.897950935847 170.46678364277 118.000
-45.897950935847 170.46714127064 118.000
-45.897950935847 170.46749889851 118.000
-45.897950935847 170.46785652637 118.000
-45.897950935847 170.46821415424 118.000
-45.897950935847 170.46857178211 118.000
-45.897950935847 170.46892940998 116.000
-45.897950935847 170.46928703785 116.000
-45.897775467189 170.46428024769 133.000
-45.897775467189 170.46463787556 126.000
-45.897775467189 170.46499550343 126.000
-45.897775467189 170.46535313129 126.000
-45.897775467189 170.46571075916 120.000
-45.897775467189 170.46606838703 120.000
-45.897775467189 170.4664260149 115.000
-45.897775467189 170.46678364277 115.000
-45.897775467189 170.46714127064 111.000
-45.897775467189 170.46749889851 111.000
-45.897775467189 170.46785652637 111.000
-45.897775467189 170.46821415424 106.000
-45.897775467189 170.46857178211 106.000
-45.897775467189 170.46892940998 104.000
-45.897775467189 170.46928703785 104.000
-45.897599998531 170.46428024769 133.000
-45.897599998531 170.46463787556 126.000
-45.897599998531 170.46499550343 126.000
-45.897599998531 170.46535313129 126.000
-45.897599998531 170.46571075916 120.000
-45.897599998531 170.46606838703 120.000
-45.897599998531 170.4664260149 115.000
-45.897599998531 170.46678364277 115.000
-45.897599998531 170.46714127064 111.000
-45.897599998531 170.46749889851 111.000
-45.897599998531 170.46785652637 111.000
-45.897599998531 170.46821415424 106.000
-45.897599998531 170.46857178211 106.000
-45.897599998531 170.46892940998 104.000
-45.897599998531 170.46928703785 104.000
-45.897424529873 170.46428024769 133.000
-45.897424529873 170.46463787556 126.000
-45.897424529873 170.46499550343 126.000
-45.897424529873 170.46535313129 126.000
-45.897424529873 170.46571075916 120.000
-45.897424529873 170.46606838703 120.000
-45.897424529873 170.4664260149 115.000
-45.897424529873 170.46678364277 115.000
-45.897424529873 170.46714127064 111.000
-45.897424529873 170.46749889851 111.000
-45.897424529873 170.46785652637 111.000
-45.897424529873 170.46821415424 106.000
-45.897424529873 170.46857178211 106.000
-45.897424529873 170.46892940998 104.000
-45.897424529873 170.46928703785 104.000
-45.897249061215 170.46428024769 133.000
-45.897249061215 170.46463787556 126.000
-45.897249061215 170.46499550343 126.000
-45.897249061215 170.46535313129 126.000
-45.897249061215 170.46571075916 120.000
-45.897249061215 170.46606838703 120.000
-45.897249061215 170.4664260149 115.000
-45.897249061215 170.46678364277 115.000
-45.897249061215 170.46714127064 111.000
-45.897249061215 170.46749889851 111.000
-45.897249061215 170.46785652637 111.000
-45.897249061215 170.46821415424 106.000
-45.897249061215 170.46857178211 106.000
-45.897249061215 170.46892940998 104.000
-45.897249061215 170.46928703785 104.000
-45.897073592557 170.46428024769 114.000
-45.897073592557 170.46463787556 110.000
-45.897073592557 170.46499550343 110.000
-45.897073592557 170.46535313129 110.000
-45.897073592557 170.46571075916 104.000
-45.897073592557 170.46606838703 104.000
-45.897073592557 170.4664260149 99.000
-45.897073592557 170.46678364277 99.000
-45.897073592557 170.46714127064 98.000
-45.897073592557 170.46749889851 98.000
-45.897073592557 170.46785652637 98.000
-45.897073592557 170.46821415424 91.000
-45.897073592557 170.46857178211 91.000
-45.897073592557 170.46892940998 87.000
-45.897073592557 170.46928703785 87.000
-45.896898123899 170.46428024769 114.000
-45.896898123899 170.46463787556 110.000
-45.896898123899 170.46499550343 110.000
-45.896898123899 170.46535313129 110.000
-45.896898123899 170.46571075916 104.000
-45.896898123899 170.46606838703 104.000
-45.896898123899 170.4664260149 99.000
-45.896898123899 170.46678364277 99.000
-45.896898123899 170.46714127064 98.000
-45.896898123899 170.46749889851 98.000
-45.896898123899 170.46785652637 98.000
-45.896898123899 170.46821415424 91.000
-45.896898123899 170.46857178211 91.000
-45.896898123899 170.46892940998 87.000
-45.896898123899 170.46928703785 87.000
-45.896722655241 170.46428024769 114.000
-45.896722655241 170.46463787556 110.000
-45.896722655241 170.46499550343 110.000
-45.896722655241 170.46535313129 110.000
-45.896722655241 170.46571075916 104.000
-45.896722655241 170.46606838703 104.000
-45.896722655241 170.4664260149 99.000
-45.896722655241 170.46678364277 99.000
-45.896722655241 170.46714127064 98.000
-45.896722655241 170.46749889851 98.000
-45.896722655241 170.46785652637 98.000
-45.896722655241 170.46821415424 91.000
-45.896722655241 170.46857178211 91.000
-45.896722655241 170.46892940998 87.000
-45.896722655241 170.46928703785 87.000
-45.896547186583 170.46428024769 114.000
-45.896547186583 170.46463787556 110.000
-45.896547186583 170.46499550343 110.000
-45.896547186583 170.46535313129 110.000
-45.896547186583 170.46571075916 104.000
-45.896547186583 170.46606838703 104.000
-45.896547186583 170.4664260149 99.000
-45.896547186583 170.46678364277 99.000
-45.896547186583 170.46714127064 98.000
-45.896547186583 170.46749889851 98.000
-45.896547186583 170.46785652637 98.000
-45.896547186583 170.46821415424 91.000
-45.896547186583 170.46857178211 91.000
-45.896547186583 170.46892940998 87.000
-45.896547186583 170.46928703785 87.000
-45.896371717925 170.46428024769 114.000
-45.896371717925 170.46463787556 110.000
-45.896371717925 170.46499550343 110.000
-45.896371717925 170.46535313129 110.000
-45.896371717925 170.46571075916 104.000
-45.896371717925 170.46606838703 104.000
-45.896371717925 170.4664260149 99.000
-45.896371717925 170.46678364277 99.000
-45.896371717925 170.46714127064 98.000
-45.896371717925 170.46749889851 98.000
-45.896371717925 170.46785652637 98.000
-45.896371717925 170.46821415424 91.000
-45.896371717925 170.46857178211 91.000
-45.896371717925 170.46892940998 87.000
-45.896371717925 170.46928703785 87.000
-45.896196249267 170.46428024769 116.000
-45.896196249267 170.46463787556 106.000
-45.896196249267 170.46499550343 106.000
-45.896196249267 170.46535313129 106.000
-45.896196249267 170.46571075916 98.000
-45.896196249267 170.46606838703 98.000
-45.896196249267 170.4664260149 92.000
-45.896196249267 170.46678364277 92.000
-45.896196249267 170.46714127064 85.000
-45.896196249267 170.46749889851 85.000
-45.896196249267 170.46785652637 85.000
-45.896196249267 170.46821415424 80.000
-45.896196249267 170.46857178211 80.000
-45.896196249267 170.46892940998 74.000
-45.896196249267 170.46928703785 74.000
-45.896020780608 170.46428024769 116.000
-45.896020780608 170.46463787556 106.000
-45.896020780608 170.46499550343 106.000
-45.896020780608 170.46535313129 106.000
-45.896020780608 170.46571075916 98.000
-45.896020780608 170.46606838703 98.000
-45.896020780608 170.4664260149 92.000
-45.896020780608 170.46678364277 92.000
-45.896020780608 170.46714127064 85.000
-45.896020780608 170.46749889851 85.000
-45.896020780608 170.46785652637 85.000
-45.896020780608 170.46821415424 80.000
-45.896020780608 170.46857178211 80.000
-45.896020780608 170.46892940998 74.000
-45.896020780608 170.46928703785 74.000
-45.89584531195 170.46428024769 116.000
-45.89584531195 170.46463787556 106.000
-45.89584531195 170.46499550343 106.000
-45.89584531195 170.46535313129 106.000
-45.89584531195 170.46571075916 98.000
-45.89584531195 170.46606838703 98.000
-45.89584531195 170.4664260149 92.000
-45.89584531195 170.46678364277 92.000
-45.89584531195 170.46714127064 85.000
-45.89584531195 170.46749889851 85.000
-45.89584531195 170.46785652637 85.000
-45.89584531195 170.46821415424 80.000
-45.89584531195 170.46857178211 80.000
-45.89584531195 170.46892940998 74.000
-45.89584531195 170.46928703785 74.000
-45.895669843292 170.46428024769 116.000
-45.895669843292 170.46463787556 106.000
-45.895669843292 170.46499550343 106.000
-45.895669843292 170.46535313129 106.000
-45.895669843292 170.46571075916 98.000
-45.895669843292 170.46606838703 98.000
-45.895669843292 170.4664260149 92.000
-45.895669843292 170.46678364277 92.000
-45.895669843292 170.46714127064 85.000
-45.895669843292 170.46749889851 85.000
-45.895669843292 170.46785652637 85.000
-45.895669843292 170.46821415424 80.000
-45.895669843292 170.46857178211 80.000
-45.895669843292 170.46892940998 74.000
-45.895669843292 170.46928703785 74.000
-45.895494374634 170.46428024769 116.000
-45.895494374634 170.46463787556 106.000
-45.895494374634 170.46499550343 106.000
-45.895494374634 170.46535313129 106.000
-45.895494374634 170.46571075916 98.000
-45.895494374634 170.46606838703 98.000
-45.895494374634 170.4664260149 92.000
-45.895494374634 170.46678364277 92.000
-45.895494374634 170.46714127064 85.000
-45.895494374634 170.46749889851 85.000
-45.895494374634 170.46785652637 85.000
-45.895494374634 170.46821415424 80.000
-45.895494374634 170.46857178211 80.000
-45.895494374634 170.46892940998 74.000
-45.895494374634 170.46928703785 74.000
-45.895318905976 170.46428024769 122.000
-45.895318905976 170.46463787556 111.000
-45.895318905976 170.46499550343 111.000
-45.895318905976 170.46535313129 111.000
-45.895318905976 170.46571075916 110.000
-45.895318905976 170.46606838703 110.000
-45.895318905976 170.4664260149 101.000
-45.895318905976 170.46678364277 101.000
-45.895318905976 170.46714127064 90.000
-45.895318905976 170.46749889851 90.000
-45.895318905976 170.46785652637 90.000
-45.895318905976 170.46821415424 84.000
-45.895318905976 170.46857178211 84.000
-45.895318905976 170.46892940998 77.000
-45.895318905976 170.46928703785 77.000
